297
© The Editor(s) (if applicable) and The Author(s),  
under exclusive license to Springer Nature Switzerland AG 2020 
M. J. Howell, Capital Wars,  
https://doi.org/10.1007/978-3-030-39288-8
Index
A
Asia 9, 12–14, 145, 159, 166, 184, 
249, 251, 255, 258, 269, 277
Asian Crisis 87, 153, 191, 203
Asset allocation 40, 199, 201, 203, 
205, 206, 219, 224, 227–230, 
281, 283
B
Bagehot, Walter 52, 101, 158, 240
Balance sheet 7, 10, 25, 26, 28, 30–34, 
37, 40, 46, 49–52, 60, 61, 
64, 68, 76, 78, 86, 90, 92–97, 
102, 103, 105–109, 112–116, 
121–126, 128, 129, 131–133, 
136–138, 142, 143, 146, 148, 
149, 151, 152, 154, 156, 157, 
161, 166, 173, 179, 181–183, 
186, 193–195, 197–199, 206, 
214, 233, 237, 247, 261, 262, 
270–272, 274, 276
Bank for International Settlements 
(BIS) 25, 28, 65, 143, 160, 161, 
219, 236, 260
Banking 2, 7, 21, 23, 36, 61, 66, 68, 75, 
78, 80–87, 91, 94, 97, 99, 101, 
102, 105, 122, 135, 136, 138, 
143, 145, 156, 157, 160, 161, 
173–175, 177, 182, 186, 197, 
203, 233, 237, 254, 277
Bank of England (BoE) 35, 101, 103, 
104, 109, 115, 117, 119, 123, 
124, 126, 143, 213, 214, 273
Bank of Japan (BoJ) 101, 115–117, 
119, 123, 124, 139, 273
Basel III 36, 98, 235
Bear Stearns 7
Belt and Road Initiative (BRI) 132, 
180, 184, 251, 269
Berlin Wall 5, 6, 31, 45, 52, 144, 249, 
250, 257, 269, 279
Bernanke, Ben 101, 124, 127, 153, 237
Bernstein, Peter 40, 41
Bonds 10, 11, 17, 30, 40, 62, 77, 90, 
92, 93, 96, 98, 112, 113, 122, 
125, 126, 129, 135–137, 139, 
142, 150–152, 160–162,  
173–175, 182, 184, 186, 187, 
193, 201, 207, 208, 210, 212, 
214, 216, 217, 220, 224, 227, 
228, 230, 231, 241, 243, 
245–247, 268, 273, 275, 278, 
281–283

298        Index
Borio, Claudio 28, 35–37, 197
Bretton Woods 5, 6, 9, 143, 144, 149, 
150, 164, 165, 268
Bubble 7, 62, 66, 68, 119, 142, 189, 
190, 220, 242, 270, 272, 274, 
278
Bunds 90, 135, 136, 165
Business cycle 30, 58, 77, 104, 156, 
195, 201, 202, 217, 224, 229, 
230, 245
C
Capacity of capital 51, 109, 274
Capital flows 4–7, 9–13, 33, 64, 69, 
72, 89, 101, 102, 135, 150–157, 
166, 173–175, 184, 188, 191, 
193, 194, 235, 251, 259, 267, 
275
Capitalism 29–32, 46, 239, 250, 256, 
272, 273
Capital wars 3, 14, 268
Carney, Mark 175
Carry trades 90, 160
Catch-up 14, 31, 32, 46, 52, 190, 270
Central Bank 3, 7, 10–12, 15, 24, 26, 
28, 30, 32, 37, 39–41, 50–52, 
56, 57, 59, 62, 63, 65–70, 
76–78, 89–91, 93–97, 101–109, 
111, 112, 114–117, 119–124, 
126, 129, 131, 132, 134, 135, 
138, 145, 150, 161, 162, 177, 
186, 188, 189, 198, 204, 
207–210, 212–214, 217, 227, 
234–236, 238, 240, 259–264, 
268, 272–275
China 2–6, 9, 11–15, 19, 21, 23, 
31, 32, 45–47, 50, 52, 64–66, 
74, 99, 101, 108, 115, 118, 
119, 123, 131, 140, 141, 145, 
149, 150, 154, 155, 166, 175, 
179–187, 190, 193, 195, 196, 
234, 249–252, 255, 256, 258, 
265, 267–271, 273–277, 279
Cold War 187, 256, 258
Collateral 17, 19, 28, 30, 37, 38, 50, 
52, 56, 62, 66–68, 85, 86, 90–
97, 99, 103, 106, 108, 109, 111, 
118, 121, 123, 126, 134–136, 
146, 148, 149, 151, 174, 177, 
185, 190, 197, 199, 210, 211, 
234, 238–240, 243–245, 247, 
254, 268
Collateral multiplier 92, 96, 97
Commercial banks 95, 123, 273
Corporate and institutional cash pools 
(CICPs) 15, 26, 31, 50, 52, 53, 
86–89, 91, 95, 97, 125, 234, 
239, 241, 244, 270, 271, 278
Cost of capital 28, 51, 97, 105, 109, 
270, 274
Covered interest rate parity (CIP) 162
Credit 3, 4, 7, 10, 11, 17, 23–28, 
30–32, 34–38, 49, 56–62, 69, 
75–77, 81, 84, 85, 88, 90, 91, 
93, 94, 97, 103, 104, 106–112, 
114, 118, 122–129, 131, 
135–138, 145, 146, 149, 150, 
153, 157, 160–162, 166, 174, 
177, 182, 184, 186, 188, 189, 
197, 207, 217, 230, 233, 234, 
238, 239, 244, 245, 247, 261, 
270, 272–276, 278
Credit channel 111, 129, 148
Credit risk 26, 27, 37, 77, 83, 93, 103, 
104, 125, 127, 164, 231, 240, 
241
Cross-border capital (CBC) 4, 8–11, 
15, 23, 25, 28, 34, 63, 68, 69, 
94, 141, 146, 150, 151, 158, 
179, 187, 189–194, 203, 219, 
234, 259, 260, 262, 263, 265
Cross-border capital channel 11
Crypto-currencies 101, 277

Index        299
Current account 9, 16, 33, 60, 67, 
149, 151–153, 157, 164, 166, 
179–181, 190, 233
Cyclically-adjusted price to earnings 
ratio (CAPE) 226–228, 283
D
Debt 2, 5, 9, 10, 23, 27–31, 34, 37–
39, 48–52, 55, 61, 62, 77, 86, 
90, 93, 97, 103, 105, 108–111, 
118, 124, 126, 129, 134–137, 
143, 144, 146, 149, 153, 157, 
161, 162, 166–174, 190, 193, 
216, 237–241, 243, 245, 247, 
257, 262, 270–272, 274, 278
Default 27, 49, 50, 91, 111, 127, 129, 
135, 136, 205, 207, 210, 217, 
246, 281
Deflation 27, 40, 104, 137, 272, 273, 
281–283
Deng Xiaoping 269
Digital money 104, 268, 274
Dodd–Frank Act, 2010 108
Draghi, Mario 101, 136, 138, 237
Druckenmiller, Stanley 31
Duration 10, 33, 77, 81, 93, 99, 111, 
125, 127, 129, 134, 137, 200, 
201, 220, 230, 231, 240, 241, 
275
E
Economics 15, 33, 34, 40, 51, 59, 73, 
76, 101, 104, 121, 154, 188, 
197, 200, 233, 278
Emerging Markets 2, 6, 9, 12, 15, 
19, 21, 32, 34, 37, 50, 60, 61, 
63, 66, 68, 70, 71, 87, 97, 114, 
115, 119, 142–145, 149–151, 
153–156, 160, 173, 175, 179, 
187–195, 220, 221, 234, 245, 
251, 259, 270, 271
Equities 12, 40, 112, 126, 129, 151, 
186, 201, 202, 206, 207, 214, 
217, 219, 220, 224, 227, 228, 
230, 241, 245, 273, 281–283
Eurodollars 76, 160, 234
Europe 1, 3, 12, 15, 134, 135, 138, 
145, 150, 157, 160, 166, 237, 
249–252, 254–258, 269, 278
European Central Bank (ECB) 10, 29, 
34, 101, 116, 117, 119, 121, 
124, 134–138, 145, 156, 157, 
198, 237, 257, 273
European Union (EU) 45, 103, 134, 
252, 254, 256–258
Eurozone 2, 21, 23, 26, 37, 119, 
135–138, 145, 216, 217, 220, 
237, 254, 256, 257
Exchange rate 3, 5, 6, 8, 9, 26–28, 
37, 49, 50, 57, 61, 63, 65–71, 
87, 108, 111, 114, 135, 146, 
148–150, 153, 160, 164, 180, 
181, 184, 185, 187–190, 195, 
217, 219, 252, 254, 268, 273, 
275
Exchange rate channel 11, 63
F
Federal Open Market Committee 
(FOMC) 110, 113, 120, 139, 
213
Federal Reserve/fed 1, 2, 11, 13, 26, 
31, 37, 38, 42, 52, 68–70, 
88, 94, 95, 98, 99, 101, 103, 
105, 109, 111–115, 117–119, 
121–129, 134, 135, 145, 146, 
149, 151, 153, 157, 160, 175, 
185, 190, 194, 208, 209, 214, 
234, 236, 237, 240, 247, 260, 
268, 271, 273–275
Fed Funds 28, 98, 109, 110, 121, 123, 
160, 208, 213
Financial centres 19, 141, 158–160

300        Index
Financial crises 6, 7, 10, 27, 28, 35,  
36, 40, 45, 77, 121, 150, 156, 
191, 233, 234, 239, 240
Financial cycle 35, 36, 144, 197, 
234–236, 269
Financial silk road 12, 249, 258
Financial Stability Board (FSB) 81, 83, 
99
Flow of funds 15, 38–41, 55, 56, 61, 
64, 75, 78, 228, 259
Foreign assets 74, 114, 133, 141, 142, 
151, 152, 166, 174, 175, 181, 
182, 186, 235
Foreign Direct Investment (FDI) 15, 
34, 135, 142, 151, 153, 156, 
165, 167–174, 179–182, 184, 
186, 195, 234, 251–255
Foreign liabilities 60, 133, 152, 164, 
174, 175, 182, 186, 194
Forex reserves 113, 115, 131, 167–172, 
175, 179, 181, 189
Forex risk 70–73, 162, 206, 231,  
234
Forward guidance 28, 59, 102, 110, 
119, 208
France 21, 29, 136, 154, 166, 172, 
252–255, 257, 268, 277, 278
Friedman, Milton 274
Fundamental balance 180, 181
Funding liquidity 25, 26, 35, 37, 38, 
40, 75, 92, 109, 123, 234–236, 
245, 259
G
GDP 2, 3, 5–8, 17–19, 28, 36, 48, 61, 
78, 81, 118, 141–143, 145, 148, 
154–156, 179, 180, 182, 184, 
186, 191, 195, 200, 201, 203, 
208, 216, 217, 225, 244, 250, 
273, 278
Geopolitics 41, 224, 256, 267
Germany 4, 21, 45, 46, 66, 132, 135, 
149, 150, 154, 166, 170, 174, 
179, 181, 182, 195, 251, 253, 
254, 257, 258, 268, 269, 278, 
279
Glass-Stegall Act 237
Global financial crisis (GFC) 1, 7, 8, 
15, 21, 26, 28, 35, 41, 52, 60, 
70, 76, 81, 83, 85, 87, 88, 91–
95, 97, 98, 106–110, 112, 114, 
115, 119, 121–124, 128, 134, 
141, 142, 145, 146, 148, 151, 
153–155, 157, 160, 161, 173, 
190, 203, 220, 227, 228, 233, 
235–238, 241, 242, 244–246, 
256, 265, 274, 282
Globalisation 15, 45, 49, 60, 66, 141, 
154, 250, 267, 274, 278
Global Liquidity 1–4, 7, 10, 11, 14, 
15, 17–28, 30–32, 36, 41, 45, 
49–51, 53, 60, 62, 67–69, 88, 
95, 105, 106, 114, 115, 118, 
122, 141, 144, 146, 149, 150, 
154, 157, 162, 165, 174, 194, 
195, 198, 199, 229, 234, 244, 
267, 269–272, 275, 278
Global Liquidity Index (GLI) 15, 211, 
219, 231, 259, 260, 262–265
Global Value Chains (GVCs)/Supply 
chains 53, 65, 146, 175, 269
Gold 5, 6, 12, 16, 27, 105, 113, 122, 
143, 144, 164, 165, 167–172, 
175, 239, 241, 258, 268, 272, 
278
Goldsmith, Raymond 38, 60, 86, 199
Government Sponsored Enterprises 
(GSEs) 79–81, 85, 125
Granger causality 71, 73, 74, 213
Greece 9, 13, 21, 135, 136, 254, 255
Greenspan, Alan 101, 237
Gross capital flows 34, 150, 154, 156, 
157, 173, 175

Index        301
H
Hayek, Frederick 86
High-powered money 34, 58,  
62, 91, 93–95, 105–107, 118, 
189, 272
Hypothecation 92, 118, 146
I
Iceland 9
Inflation 4, 6, 27, 31, 37, 40, 41, 49, 
59, 60, 66, 86, 102, 104, 105, 
111, 112, 137, 141, 151, 202, 
208, 214, 220, 239, 241, 272, 
274, 275, 281–283
Interest rates 28, 36, 37, 46, 49–52, 57, 
59–61, 63, 81, 85, 97, 102–105, 
107, 109, 112, 119, 120, 127, 
130, 134, 153, 162, 180,  
208, 211–213, 238, 270, 
273–275
International Monetary Fund (IMF) 1, 
6, 11, 13, 16, 19, 30, 36, 74, 85, 
92, 97, 108, 138, 140, 145, 155, 
175, 180, 191, 193, 236, 238, 
243, 247, 256, 260, 273
Investor power 206
Ireland 9, 21, 136, 254
J
Japan 4, 7, 20, 21, 37, 45, 64, 66, 99, 
108, 119, 139, 149, 150, 154, 
166, 181, 182, 215, 217, 251, 
253, 269
JP Morgan & Co 73
K
Kaufman, Henry 10, 11, 38–42, 122, 
236, 247, 275
Keynes, John Maynard 59
King, Mervyn 273
L
Large-scale asset purchase (LSAP) 41, 
106, 107, 110, 122, 124, 126, 
129, 198, 208, 210, 211, 215, 
240
Lehman Brothers 7
Leibowitz, Martin 10, 41
Lender of Last Resort (LOLR) 114, 
123
Leverage 19, 36, 37, 61, 62, 69, 77, 81, 
83, 92, 96, 103, 151, 166, 236, 
238, 239, 260, 270, 271
Liquid assets 17, 77, 85, 86, 89, 97, 
201–203, 214, 220, 224, 228, 
243, 271
Liquidity 5, 8, 11, 12, 15, 17, 21, 
24, 25, 27–41, 46, 49, 51, 
52, 56–58, 60–63, 65–70, 72, 
75–78, 80, 86, 92, 94, 95, 97, 
98, 102, 103, 105, 107, 109, 
111, 114, 115, 118, 119, 121, 
123, 124, 128, 129, 131, 134, 
136, 146, 149, 150, 165, 166, 
177–179, 185, 186, 188, 190, 
194, 197–199, 201, 203–207, 
210–214, 217, 219, 224, 228, 
230, 233–235, 238–241, 243, 
245, 246, 259, 261–264, 268, 
270, 272–275
Liquidity coverage ratio (LCR) 87, 235
London 4, 9, 21, 34, 101–103, 134, 
151, 153, 158, 159, 161, 175, 
187, 231, 237
London Interbank Offered Rates 
(LIBOR) 32, 35, 163, 164, 261
London Stock Exchange 159, 187, 268
Low, David 102, 237
M
Market liquidity 19, 21, 25, 35, 75, 
109, 123, 131, 214, 234–236, 
263–265

302        Index
Maturity 32, 77, 81, 83, 93, 118, 123, 
124, 127–129, 140, 163, 200, 
207, 208, 211, 212, 230, 231, 
237, 241, 245
Means of payment 13, 75, 76, 94, 103, 
104
Minsky, Hyman 30, 239
Modern monetary theory (MMT) 42, 
101, 274
Monetary base 26, 57, 94–96, 106, 
113–115, 118, 122, 131, 133, 
146, 189
Money supply 24, 27, 32, 40, 76, 78, 
122, 136
Mortgage-backed securities (MBS) 81, 
110, 111, 113, 124, 125, 128, 
136, 157, 245, 247
N
Net acquisition of financial assets 
(NAFA) 55, 60, 61
New York 4, 9, 34, 88, 98, 99, 151, 
153, 159, 250
Northern Rock 245
O
Oil prices 9
One Belt, One Road 13, 276
P
People’s Bank (PBoC) 7, 31, 52, 68, 
101, 115–117, 119, 129, 132, 
133, 151, 177, 181, 184, 195, 
234, 260, 275
Phillips Curve 31, 49, 66, 104, 274
Portfolio investment 151, 153, 165, 
182
Pound Sterling 13, 14, 166
Powell, Jerome 113
Precautionary demand 102
Price-to-earnings ratio (P/E) 201, 
203–206, 281–283
Price-to-money ratio (P/M) 201–206, 
281
Productivity 5, 12, 14, 32, 64–68, 74, 
135, 188, 190, 269, 270
Q
Qiao Liang, Major-General 13, 175, 
276
Quality theory of money 77, 217
Quantitative Easing (QE) 2, 12, 28, 
37, 41, 50, 52, 93, 101, 102, 
106, 107, 109–113, 115, 122, 
124, 127, 135, 137–139, 198, 
204, 207–211, 213–215, 231, 
237, 238, 241, 247, 257, 274
Quantity theory of money 77
R
Radcliffe Report 34
Real estate 7, 8, 66, 83, 108, 151, 178, 
188, 197, 201, 218–220, 254, 273
Real exchange rate 15, 50, 64–68, 188, 
190, 254
Recycle 95, 177, 276
Refinance 28, 50, 51, 97, 109, 272
Renminbi (RMB) 8, 13, 16, 68, 133, 
145, 178, 184, 276
Repos 19, 30, 32, 50, 76, 77, 85, 87, 
89, 90, 96, 123, 131, 134, 243, 
244
Reserves requirements 26, 91, 109, 
122–124, 131, 160
Return on capital 46, 270
Rey, Helene 10, 36, 37, 67, 74, 148, 
151, 165, 175, 189, 235, 247
Risk appetite 29, 62, 91, 92, 111, 112, 
148, 150, 197, 199, 202, 204, 
219, 220, 224, 225, 228–230, 
234

Index        303
Risk premia 25, 33, 37, 46, 57, 62, 63, 
107, 126, 129, 197, 198, 206, 
207, 213, 217, 260
Risk-taking 10, 11, 25, 28, 31, 63, 96, 
111, 153, 197, 200, 205, 207
S
Safe assets 12, 15, 30, 38, 46, 49, 52, 
60, 77, 94, 96, 97, 105, 111, 
126, 149, 163, 182, 201, 205, 
207–212, 217, 219, 224, 225, 
227, 228, 234, 239–245, 271, 
272, 275
Salomon Brothers 10, 11, 16
Savings 3–5, 11, 13, 14, 19, 23–25, 29, 
32, 40, 41, 50, 55–61, 76, 77, 
81, 85, 95, 99, 108, 149, 153, 
158, 177, 186, 187, 190, 197, 
233, 244, 278
Seigniorage 13, 166, 186, 195
Shadow banks 17, 24–26, 31, 40, 57, 
78, 81, 85, 89, 90, 94, 95, 108, 
177, 178, 238, 239, 245, 260, 
261
Shadow monetary base 48, 56, 62, 95, 
106, 118, 146, 272
Sovereign Wealth Funds (SWFs) 53, 
86, 184, 191, 271
Special Economic Zones (SEZs) 14
Standard of value 27
State-owned Enterprises (SOEs) 131, 
250, 258
Supply chains 13, 23, 65, 145–147, 
271, 277, 278
Swap-lines 1, 2, 108, 145
Swaps 90, 94, 106, 114, 127, 145, 148, 
162, 163, 265
Swiss Franc 13
Switzerland 21, 255
Systemic risk 11, 49, 50, 85, 92, 112, 
205, 207–210, 212, 217, 230, 275
T
Term premia 11, 60, 62, 104, 111, 
112, 127–129, 165, 206, 
208–213, 217, 230, 231, 241, 
244, 275
Term structure 40, 81, 102, 134, 
207–209, 211, 212
Trade war 3, 267
Treasuries 14, 26, 30, 37, 38, 60, 90, 
92, 112, 124, 125, 127–129, 
162, 165, 180, 207, 210, 211, 
213, 241, 260, 275
Triffin, Robert 238
U
United Kingdom (UK) 5, 6, 21, 26, 
37, 66, 99, 103, 124, 149, 151, 
154, 166, 171, 174, 181, 182, 
233, 245, 254, 255
USA 4, 5, 8–14, 16, 17, 20, 21, 23, 
26, 32, 35, 37, 45, 46, 48, 50, 
60, 64–71, 74, 79–81, 85, 88, 
91, 94, 103, 105, 112, 114, 
118–121, 124, 128, 132, 135, 
142–145, 148, 149, 151, 152, 
154, 157, 161, 164–166, 175, 
177, 181, 185, 187, 190, 195, 
213, 220, 227, 228, 233, 234, 
237, 241, 242, 245–247, 250, 
252–254, 256–258, 267–270, 
272, 273, 279
US dollar 1, 2, 4–6, 9, 13, 14, 19, 21, 
23, 27, 32, 52, 65, 66, 68–72, 
77, 92, 94, 105, 108, 114, 115, 
118, 129–131, 141–146, 148–
151, 153, 154, 157, 160–166, 
175, 179, 181, 182, 185–187, 
189, 190, 192, 195, 234, 238, 
241, 245, 246, 264, 267–269, 
271, 272, 275–277
USSR/Soviet Union 258, 279

304        Index
US Treasury 6, 13, 16, 105, 110, 111, 
113, 134, 139, 144, 163, 181, 
207, 209–211, 231, 240, 241, 
277
V
Valuation 64, 186, 201, 203, 205, 206, 
228, 273, 281, 283
Velocity 9, 57, 58, 239, 261
Volatility 35, 40, 41, 92, 98, 111, 112, 
152, 156, 160, 191, 208, 271, 
272
Volcker, Paul 101
W
Wall Street 12, 105, 245, 246
Wholesale markets 25, 86, 88, 95, 122, 
148, 151, 154, 234, 235, 239, 
240, 247
World Trade Organisation (WTO) 6, 
9, 21, 23, 45, 47, 52, 131, 145, 
180, 271, 274
X
Xi Jinping 46, 131, 193
Y
Yellen, Janet 119
Yield curve 35, 38, 63, 104, 207, 209–
211, 213, 215, 217, 229, 230
Yuan 13, 16, 21, 68, 131, 132, 140, 
145, 149, 165, 175, 177, 180, 
181, 184–187, 193, 195, 234, 
276, 277
Z
z-scores 224, 260, 262, 263
